0.00502468
0.00341978
0.00481916
0.00487438
0.00528193
0.00271118
0.0032068
0.00476563
0.00299999
0.00399429
0.00371863
0.00426394
0.00331322
0.00384824
0.00542803
0.0052983
0.00428856
0.00458227
0.00250977
0.00418509
0.00205868
0.00287439
0.00609403
0.00849504
0.00616404
0.0070434
0.00606725
0.00599171
0.00919613
0.00638572
0.00744656
0.0086208
0.0078055
0.00666571
0.00789519
0.00748743
0.0073769
0.00910199
0.00665306
0.00837689
0.00749628
0.00837169
0.00704082
0.00880951
0.00661993
0.00686885
0.00850781
0.0089085
0.00585112
0.00901758
0.00749358
0.0059098
0.00629197
0.00798762
0.00880484
0.00685601
0.00583102
0.00567208
0.00724773
0.00582715
0.00645781
0.00909428
0.00884795
0.00866331
0.00656
0.00754314
0.00695075
0.0083369
0.00744513
0.00800381
0.00751378
0.00574141
0.0071755
0.00895461
0.00895092
0.00819543
0.00662346
0.00825872
0.00790392
0.00687458
0.0080763
0.00619751
0.00718438
0.00876827
0.00858512
0.00678921
0.00642429
0.00881614
0.0068613
0.00807201
0.00904329
0.0077191
0.00796629
0.00869123
0.00718242
0.00892629
0.00703437
0.00853316
0.00806319
0.0088795
0.00733697
0.00637697
0.00902091
0.00891246
0.00613158
0.00877182
0.00790789
0.00715503
0.00783055
0.00661181
0.00842961
0.00670685
0.00720932
0.00641398
0.00627512
0.00659444
0.0076032
0.0070994
0.00621059
0.00886449
0.00597142
0.00605387
0.0073836
0.00833771
0.00914511
0.00896601
0.008064
0.00697948
0.00829918
0.00692719
0.00665898
0.00643614
0.00770416
0.00647989
0.0061486
0.00823573
0.00605171
0.00845649
0.00619077
0.00828226
0.00586831
0.00902037
0.00578911
0.00747763
0.00623436
0.00646422
0.00847207
0.00823756
0.00796363
0.00908266
0.00790205
0.00833505
0.00593653
0.00608565
0.00747276
0.00588164
0.00585166
0.00633676
0.00726111
0.00855084
0.00766395
0.00832009
0.00578698
0.00616811
0.00919998
0.00633558
0.00880384
0.00605169
0.00919208
0.00579461
0.00873394
0.00586038
0.00561498
0.00892305
0.00773801
0.00624934
0.00618727
0.00701008
0.0088869
0.0085509
0.00689274
0.00758895
0.00768595
0.00722927
0.00807459
0.0059587
0.00751091
0.00832626
0.00669546
0.00917202
0.0076771
0.00875941
0.00829211
0.00786408
0.00572752
0.00829209
0.00859966
0.00893136
0.00874378
0.00859174
0.00912596
0.00827772
0.00885212
0.00914094
0.00800077
0.00739013
0.00979028
0.012188
0.0124002
0.00947718
0.0115389
0.010093
0.0114661
0.0100249
0.0117222
0.0103407
0.0103836
0.0100331
0.00946698
0.0114791
0.0100052
0.0115441
0.0110385
0.0126973
0.0102082
0.011166
0.0117894
0.00960781
0.0108973
0.0113331
0.0125995
0.0108233
0.0104109
0.0122517
0.0107642
0.00921163
0.0104418
0.0113545
0.0121997
0.010042
0.0116317
0.0109386
0.010935
0.0102978
0.0117635
0.0098572
0.0114386
0.00934711
0.0106903
0.0117055
0.0116262
0.0114955
0.0104496
0.00986464
0.0113928
0.0114578
0.0118306
0.0103821
0.0118656
0.00992797
0.0125153
0.0116651
0.0115513
0.0101262
0.0111168
0.00951552
0.0101378
0.0123586
0.01167
0.00953746
0.00960059
0.0105018
0.0112761
0.0113356
0.0115996
0.0102396
0.0119928
0.0102382
0.0103867
0.0098831
0.0127437
0.00921288
0.0121786
0.0103933
0.00987752
0.0107714
0.0126511
0.0125081
0.0119535
0.0117167
0.00963612
0.0116688
0.0105818
0.0119874
0.012595
0.0124986
0.0123029
0.00993277
0.0120572
0.011173
0.0102702
0.0124578
0.0124747
0.0123463
0.0109933
0.0112743
0.00978592
0.0101861
0.0123125
0.0109726
0.0108692
0.0122562
0.0109855
0.0102478
0.00984952
0.011663
0.0118192
0.00970061
0.0113712
0.0109727
0.0122173
0.0118073
0.00984155
0.00999908
0.0109947
0.00963653
0.00969766
0.0104976
0.0103693
0.0125548
0.0124705
0.0114395
0.0122126
0.0121453
0.0109859
0.0104059
0.0106196
0.0115718
0.011392
0.0101321
0.00974443
0.00946116
0.00958825
0.0115299
0.010509
0.0102378
0.010393
0.00952813
0.0107384
0.0125642
0.0113009
0.0101557
0.0115715
0.0119424
0.0109547
0.00976618
0.0123789
0.0114524
0.0110638
0.00994824
0.0112072
0.0107343
0.0121878
0.0106198
0.0100796
0.0103736
0.0118257
0.0114992
0.0127454
0.0104177
0.0124312
0.00968987
0.0106788
0.00921947
0.0120198
0.0119878
0.0102572
0.0096128
0.0123159
0.0117956
0.00937698
0.0108168
0.0127513
0.0117485
0.00995918
0.010906
0.0123147
0.00953811
0.00955841
0.0105784
0.0102863
0.0115656
0.0121127
0.00967413
0.00938543
0.00939232
0.0108478
0.0120111
0.0116915
0.0107932
0.0096288
0.0113227
0.0112831
0.0111076
0.0113422
0.0105029
0.0102954
0.0123994
0.0109157
0.00981135
0.011395
0.0110927
0.0114281
0.0113463
0.0100412
0.0121873
0.00945232
0.00955581
0.0125254
0.00981074
0.0109342
0.0100118
0.0121764
0.010247
0.0104859
0.0123618
0.0104393
0.0121337
0.0115729
0.00933078
0.0101269
0.0120017
0.0114535
0.01221
0.0103094
0.00999563
0.00991287
0.0114048
0.00959504
0.0116286
0.0120161
0.0117901
0.00992127
0.0106443
0.0103364
0.0107624
0.0100316
0.0105887
0.0111182
0.00975701
0.0111994
0.00925249
0.0105688
0.0105758
0.0102995
0.0118547
0.0101376
0.0115388
0.0111883
0.0125105
0.0116696
0.0121152
0.0117123
0.010323
0.0115252
0.00922162
0.0111187
0.0122381
0.0114264
0.0115137
0.0110667
0.0106426
0.0105038
0.0117879
0.0120868
0.0116401
0.00975035
0.00931841
0.00942882
0.0116686
0.00987542
0.0114283
0.0117211
0.0112442
0.00920405
0.00922055
0.0102989
0.0101417
0.0115593
0.0122872
0.00985218
0.0104289
0.0116024
0.0123644
0.0115519
0.0103276
0.0123861
0.00987055
0.0097657
0.0110125
0.0121842
0.0116324
0.012455
0.009888
0.0106203
0.0117418
0.0123281
0.0111706
0.0118603
0.0125569
0.0100392
0.0125357
0.0111852
0.0125603
0.0109799
0.0111892
0.0125809
0.0120787
0.0121309
0.0113402
0.0115659
0.0127831
0.0125691
0.0103683
0.0123475
0.011321
0.011496
0.0119336
0.0119915
0.0120617
0.010146
0.0113758
0.010894
0.00980104
0.0120638
0.0123143
0.0123429
0.0115919
0.0106849
0.0114031
0.0113488
0.0115242
0.0111388
0.00973403
0.0112845
0.00931867
0.0117233
0.0110653
0.0121974
0.0110542
0.00960553
0.0109633
0.0110373
0.0093746
0.0121317
0.0105848
0.0114956
0.0108276
0.00971834
0.0106871
0.0100893
0.0106644
0.00926284
0.0117833
0.0112654
0.0121266
0.0112977
0.0108083
0.0109185
0.0127826
0.0094114
0.00946734
0.0115068
0.0113502
0.0100014
0.00999124
0.0114689
0.0125246
0.0118566
0.0108663
0.0107788
0.0122621
0.0126296
0.0126161
0.0124367
0.0119612
0.0104008
0.0111323
0.00998889
0.0109192
0.0126194
0.0108782
0.0123835
0.0126822
0.00986156
0.0108489
0.0120088
0.0119592
0.0124572
0.0101273
0.0119418
0.0126686
0.0103946
0.0106486
0.0112188
0.014796
0.0150398
0.0134877
0.0145207
0.0140964
0.015154
0.0160995
0.0135585
0.0149836
0.0159156
0.0131952
0.0141448
0.0135164
0.0151275
0.0149337
0.0152356
0.0149468
0.0130119
0.0148191
0.014829
0.0136735
0.0128681
0.0140378
0.0128327
0.0161253
0.0149651
0.0155745
0.0159939
0.0161598
0.013423
0.0144127
0.0145558
0.0156628
0.0151004
0.0162765
0.0133592
0.0138544
0.0159759
0.0141177
0.016038
0.0154915
0.0145129
0.0137828
0.0162079
0.0132404
0.0159164
0.0150435
0.0153872
0.0161283
0.0134626
0.0138162
0.0134018
0.0135307
0.0150541
0.0134345
0.013256
0.0136192
0.0162089
0.0128499
0.013379
0.013232
0.0144627
0.0151348
0.0160948
0.0131631
0.0150112
0.013054
0.0142175
0.0145872
0.0143717
0.0138554
0.0136786
0.0160846
0.0148382
0.0134866
0.012925
0.0143546
0.0157301
0.0155122
0.014083
0.0163927
0.0129284
0.0146848
0.0135234
0.0151824
0.0153192
0.0139794
0.0160016
0.0151282
0.0140293
0.0129806
0.0155601
0.015692
0.0153154
0.0152549
0.0160551
0.0139266
0.0155089
0.0138726
0.0157137
0.0134806
0.014928
0.0129924
0.0131652
0.0133662
0.0136789
0.0132902
0.0149208
0.013009
0.0160024
0.0162038
0.0130017
0.0161308
0.0144886
0.0137251
0.0149132
0.0134078
0.0149045
0.0145149
0.015736
0.0161338
0.0146955
0.0148961
0.0154258
0.0136108
0.013751
0.0150809
0.0147374
0.0128599
0.0161535
0.0140512
0.0135406
0.0146815
0.0142435
0.0139058
0.0152477
0.0151225
0.014396
0.0137685
0.0153315
0.0139984
0.0135723
0.0155332
0.0137292
0.0152609
0.0128582
0.0158424
0.0158687
0.0149627
0.0139573
0.0152047
0.0146966
0.0158528
0.0137008
0.0137224
0.0130636
0.0146518
0.0160033
0.0150011
0.0147117
0.0157568
0.0162522
0.0154523
0.0140383
0.0140958
0.0129581
0.0128859
0.0128183
0.0145541
0.0138544
0.0153497
0.0157525
0.0146267
0.0144829
0.0130817
0.0134875
0.0145411
0.0161242
0.0129562
0.0131039
0.0136815
0.0153609
0.0150005
0.0131343
0.0162616
0.0159229
0.0133979
0.0145134
0.0155262
0.015599
0.0128251
0.014883
0.0154513
0.0154774
0.0161213
0.0131471
0.0156355
0.0162072
0.0131653
0.0137896
0.0136616
0.0157151
0.0131422
0.0154882
0.013798
0.0134239
0.0161758
0.0155391
0.0131481
0.016332
0.015843
0.0140295
0.0152929
0.0144435
0.0143638
0.0151545
0.0139663
0.0149618
0.0132679
0.0130926
0.0141608
0.013293
0.0151756
0.0132121
0.0159705
0.0148968
0.0135591
0.015206
0.014704
0.0139244
0.0161956
0.0155655
0.0132395
0.0129378
0.0146538
0.0142375
0.0135616
0.0144295
0.0133766
0.0139097
0.0143615
0.0128196
0.0151392
0.0132544
0.014463
0.0131031
0.0156089
0.0156294
0.0152648
0.0160768
0.0159219
0.0130256
0.0129699
0.0146975
0.0134377
0.0161403
0.0131943
0.0141968
0.0149463
0.0150983
0.0153212
0.0147419
0.0142638
0.0157607
0.0148796
0.0161176
0.0135982
0.0156413
0.0141471
0.0141748
0.013151
0.0157087
0.0141944
0.0154902
0.0161631
0.0158574
0.0157933
0.015372
0.0150867
0.0146581
0.0150488
0.0146086
0.0148837
0.0152186
0.0129061
0.0155214
0.0149589
0.0133004
0.0133182
0.0135052
0.0155987
0.0158394
0.0154471
0.0134625
0.0152001
0.0139268
0.0131801
0.0159984
0.013168
0.0145272
0.0137732
0.013519
0.0138359
0.0151675
0.0162092
0.0135989
0.0146249
0.0156025
0.0161709
0.0133116
0.0138606
0.0148196
0.0151203
0.0159443
0.0136383
0.0152264
0.0150657
0.0157972
0.0157268
0.0155839
0.0129024
0.0149255
0.0150233
0.0155495
0.015588
0.0138234
0.0130763
0.015968
0.0134218
0.0134444
0.0140952
0.014395
0.0141634
0.0151311
0.0131625
0.0139726
0.01593
0.0149874
0.013175
0.0157008
0.015499
0.0142356
0.0141205
0.0178193
0.0173799
0.0185587
0.0166456
0.0196456
0.0179559
0.0195724
0.0188295
0.0180583
0.0180979
0.0174528
0.0172079
0.0172859
0.0184762
0.0174842
0.0168539
0.019098
0.0181286
0.0181491
0.0170929
0.0194919
0.0168802
0.0174554
0.0170645
0.0164102
0.0196428
0.0174395
0.019311
0.0187418
0.0188751
0.0170315
0.016561
0.019855
0.0191902
0.0168067
0.0195006
0.0171461
0.0199791
0.01833
0.0188045
0.018077
0.0193828
0.0196124
0.0189629
0.017859
0.0170966
0.0194167
0.016957
0.0188251
0.0175659
