0.00752056
0.00618315
0.0073493
0.00739532
0.00773494
0.00559265
0.00600567
0.00730469
0.00583332
0.00666191
0.00643219
0.00688661
0.00609435
0.0065402
0.00785669
0.00774859
0.00690714
0.00715189
0.00542481
0.00682091
0.0050489
0.00572866
0.00541169
0.00741253
0.00547004
0.00620283
0.00838937
0.00832643
0.0109968
0.00865477
0.0095388
0.0105173
0.00983792
0.00888809
0.00991266
0.00957286
0.00948075
0.0109183
0.00887755
0.0103141
0.00958023
0.0103097
0.00920069
0.0106746
0.00884994
0.00905738
0.0104232
0.0107571
0.00820927
0.010848
0.00957799
0.00825817
0.00857664
0.00998968
0.0106707
0.00904668
0.00819251
0.00806007
0.00937311
0.00818929
0.00871484
0.0109119
0.0107066
0.0105528
0.0088
0.00961928
0.00912562
0.0102807
0.00953761
0.0100032
0.00959482
0.00811784
0.00931291
0.0107955
0.0107924
0.0101629
0.00885288
0.0102156
0.00991994
0.00906215
0.0100636
0.00849792
0.00932031
0.0106402
0.0104876
0.00899101
0.0086869
0.0106801
0.00905108
0.01006
0.0108694
0.00976592
0.00997191
0.010576
0.00931868
0.0107719
0.00919531
0.0104443
0.0100527
0.0107329
0.00944747
0.00864747
0.0108508
0.0107604
0.00844298
0.0106432
0.00992324
0.00929586
0.00985879
0.00884318
0.010358
0.00892237
0.0093411
0.00867832
0.0085626
0.0088287
0.00966933
0.0092495
0.00850882
0.0107204
0.00830951
0.00837823
0.00948633
0.0102814
0.0109543
0.010805
0.0100533
0.00914956
0.0102493
0.00910599
0.00888248
0.00869678
0.00975347
0.00873324
0.00845717
0.0101964
0.00837642
0.0103804
0.00849231
0.0102352
0.00822359
0.0108503
0.00815759
0.00956469
0.00852863
0.00872019
0.0103934
0.010198
0.00996969
0.0109022
0.00991838
0.0102792
0.00828044
0.00840471
0.00956063
0.0082347
0.00820972
0.00861397
0.00938426
0.010459
0.00971996
0.0102667
0.00815582
0.00847342
0.011
0.00861299
0.0106699
0.00837641
0.0109934
0.00816217
0.0106116
0.00821699
0.00801248
0.0107692
0.00978168
0.00854112
0.00848939
0.00917507
0.0107391
0.0104591
0.00907729
0.00965746
0.00973829
0.00935773
0.0100622
0.00829892
0.00959242
0.0102719
0.00891289
0.0109767
0.00973091
0.0106328
0.0102434
0.00988673
0.00810626
0.0102434
0.0104997
0.0107761
0.0106198
0.0104931
0.0109383
0.0102314
0.0107101
0.0109508
0.0100006
0.00949178
0.0084919
0.01049
0.0106668
0.00823098
0.00994912
0.00874413
0.00988844
0.00868741
0.0101019
0.0089506
0.00898633
0.00869428
0.00822248
0.00989922
0.00867097
0.0099534
0.00953206
0.0109144
0.00884013
0.00963832
0.0101578
0.00833984
0.00941445
0.00977762
0.010833
0.00935275
0.00900905
0.0105431
0.00930354
0.00800969
0.00903483
0.00979544
0.0104997
0.0117017
0.0130264
0.0124489
0.0124458
0.0119149
0.0131363
0.0115477
0.0128655
0.0111226
0.012242
0.013088
0.0130218
0.0129129
0.0120413
0.0115539
0.0128273
0.0128815
0.0131922
0.0119851
0.0132213
0.0116066
0.0137627
0.0130543
0.0129594
0.0117718
0.0125973
0.0112629
0.0117815
0.0136322
0.0130584
0.0112812
0.0113338
0.0120848
0.0127301
0.0127796
0.0129997
0.0118663
0.0133273
0.0118651
0.0119889
0.0115693
0.0139531
0.0110107
0.0134822
0.0119944
0.0115646
0.0123095
0.0138759
0.0137568
0.0132946
0.0130972
0.0113634
0.0130574
0.0121515
0.0133228
0.0138292
0.0137488
0.0135858
0.0116106
0.013381
0.0126441
0.0118919
0.0137148
0.0137289
0.0136219
0.0124944
0.0127286
0.0114883
0.0118217
0.0135937
0.0124772
0.012391
0.0135468
0.0124879
0.0118732
0.0115413
0.0130525
0.0131827
0.0114172
0.0128093
0.0124773
0.0135144
0.0131728
0.0115346
0.0116659
0.0124956
0.0113638
0.0114147
0.0120813
0.0119744
0.0137957
0.0137255
0.0128663
0.0135105
0.0134544
0.0124882
0.0120049
0.012183
0.0129765
0.0128266
0.0117767
0.0114537
0.0112176
0.0113235
0.0129416
0.0120908
0.0118648
0.0119942
0.0112734
0.012282
0.0138035
0.0127507
0.0117964
0.0129762
0.0132853
0.0124623
0.0114718
0.0136491
0.012877
0.0125531
0.0116235
0.0126727
0.0122786
0.0134898
0.0121832
0.011733
0.011978
0.0131881
0.012916
0.0139545
0.0120147
0.0136927
0.0114082
0.0122324
0.0110162
0.0133498
0.0133232
0.011881
0.011344
0.0135966
0.013163
0.0111475
0.0123473
0.0139594
0.0131237
0.0116326
0.0124217
0.0135955
0.0112818
0.0112987
0.0121487
0.0119053
0.0129714
0.0134273
0.0113951
0.0111545
0.0111603
0.0123731
0.0133426
0.0130762
0.0123277
0.0113573
0.0127689
0.0127359
0.0125897
0.0127851
0.0120858
0.0119129
0.0136662
0.0124298
0.0115095
0.0128292
0.0125772
0.0128568
0.0127886
0.011701
0.0134894
0.0112103
0.0112965
0.0137712
0.0115089
0.0124452
0.0116765
0.0134803
0.0118725
0.0120716
0.0136348
0.0120328
0.0134447
0.0129774
0.011109
0.0117724
0.0133348
0.0128779
0.0135083
0.0119245
0.011663
0.0115941
0.0128373
0.0113292
0.0130238
0.0133468
0.0131584
0.0116011
0.0122036
0.011947
0.012302
0.011693
0.0121572
0.0125985
0.0114642
0.0126662
0.0110437
0.0121406
0.0121465
0.0119162
0.0132122
0.0117813
0.012949
0.0126569
0.0137588
0.013058
0.0134294
0.0130935
0.0119359
0.0129377
0.011018
0.0125989
0.0135317
0.0128553
0.0129281
0.0125555
0.0122021
0.0120865
0.0131566
0.0134057
0.0130334
0.0114586
0.0110987
0.0111907
0.0130572
0.0115628
0.0128569
0.0131009
0.0127035
0.0110034
0.0110171
0.0119157
0.0117847
0.0129661
0.0135727
0.0115435
0.0120241
0.013002
0.013637
0.0129599
0.0119397
0.013655
0.0115588
0.0114714
0.0125104
0.0134869
0.013027
0.0137125
0.0115733
0.0121836
0.0131182
0.0136068
0.0126422
0.0132169
0.0137975
0.0116994
0.0137797
0.0126543
0.0138003
0.0124832
0.0126577
0.0138174
0.0133989
0.0134424
0.0127835
0.0129716
0.0139859
0.0138076
0.0119736
0.0136229
0.0127675
0.0129133
0.013278
0.0133263
0.0133847
0.0117884
0.0128131
0.0124117
0.0115009
0.0133865
0.0135953
0.0136191
0.0129932
0.0122374
0.0128359
0.0127907
0.0129368
0.0126157
0.011445
0.0127371
0.0110989
0.0131027
0.0125545
0.0134978
0.0125451
0.0113379
0.0124694
0.012531
0.0111455
0.0134431
0.012154
0.012913
0.0123564
0.0114319
0.0122392
0.0117411
0.0122203
0.0110524
0.0131528
0.0127212
0.0134388
0.012748
0.0123402
0.0124321
0.0139855
0.0111762
0.0112228
0.0129223
0.0127918
0.0116678
0.0116594
0.0128907
0.0137705
0.0132138
0.0123886
0.0123157
0.0135518
0.013858
0.0138467
0.0136973
0.013301
0.0120007
0.0126102
0.0116574
0.0124327
0.0138495
0.0123985
0.013653
0.0139018
0.0115513
0.0123741
0.0133407
0.0132993
0.0137143
0.0117728
0.0132848
0.0138905
0.0119955
0.0122071
0.0126824
0.0126633
0.0128665
0.0115731
0.0124339
0.0120803
0.0129616
0.0137496
0.0116321
0.0128196
0.0135963
0.0113293
0.0121207
0.011597
0.0129396
0.0127781
0.0130297
0.012789
0.0111766
0.0126826
0.0126909
0.0117279
0.0110567
0.0120315
0.0110272
0.0137711
0.0128043
0.0133121
0.0136616
0.0137998
0.0115192
0.0123439
0.0124632
0.0133857
0.012917
0.013897
0.011466
0.0118787
0.0136466
0.0120981
0.0136983
0.0132429
0.0124274
0.011819
0.0138399
0.011367
0.013597
0.0128696
0.016156
0.0167736
0.0145522
0.0148469
0.0145015
0.0146089
0.0158784
0.0145287
0.01438
0.0146827
0.0168408
0.0140416
0.0144825
0.01436
0.0153855
0.0159456
0.0167457
0.0143026
0.0158427
0.0142117
0.0151812
0.0154893
0.0153098
0.0148795
0.0147322
0.0167372
0.0156985
0.0145721
0.0141041
0.0152955
0.0164417
0.0162601
0.0150691
0.0169939
0.014107
0.0155706
0.0146028
0.0159854
0.0160994
0.0149828
0.016668
0.0159401
0.0150244
0.0141505
0.0163001
0.01641
0.0160961
0.0160458
0.0167126
0.0149388
0.0162574
0.0148938
0.0164281
0.0145672
0.0157733
0.0141603
0.0143044
0.0144718
0.0147324
0.0144085
0.0157674
0.0141742
0.0166687
0.0168365
0.0141681
0.0167757
0.0154072
0.0147709
0.015761
0.0145065
0.0157538
0.0154291
0.0164466
0.0167782
0.0155796
0.0157468
0.0161882
0.0146757
0.0147925
0.0159008
0.0156145
0.01405
0.0167946
0.0150426
0.0146171
0.0155679
0.015203
0.0149215
0.0160397
0.0159354
0.01533
0.0148071
0.0161096
0.0149987
0.0146436
0.0162776
0.0147743
0.0160507
0.0140485
0.0165354
0.0165572
0.0158023
0.0149644
0.0160039
0.0155805
0.016544
0.0147506
0.0147687
0.0142197
0.0155431
0.0166694
0.0158342
0.0155931
0.016464
0.0168769
0.0162102
0.0150319
0.0150798
0.0141317
0.0140716
0.0140152
0.0154618
0.0148787
0.0161248
0.0164604
0.0155222
0.0154024
0.0142348
0.014573
0.0154509
0.0167701
0.0141302
0.0142532
0.0147346
0.0161341
0.0158337
0.0142786
0.0168847
0.0166024
0.0144983
0.0154278
0.0162718
0.0163325
0.0140209
0.0157358
0.0162094
0.0162312
0.0167677
0.0142892
0.0163629
0.0168393
0.0143044
0.0148247
0.014718
0.0164292
0.0142851
0.0162402
0.0148316
0.0145199
0.0168131
0.0162826
0.01429
0.0169433
0.0165358
0.0150246
0.0160774
0.0153695
0.0153032
0.0159621
0.0149719
0.0158015
0.0143899
0.0142438
0.015134
0.0144109
0.0159796
0.0143434
0.016642
0.0157473
0.0146326
0.016005
0.0155867
0.014937
0.0168297
0.0163046
0.0143663
0.0141148
0.0155448
0.0151979
0.0146347
0.0153579
0.0144805
0.0149247
0.0153013
0.0140163
0.0159494
0.0143787
0.0153858
0.0142526
0.0163408
0.0163578
0.016054
0.0167307
0.0166016
0.014188
0.0141415
0.0155812
0.0145314
0.0167836
0.0143286
0.015164
0.0157886
0.0159152
0.016101
0.0156182
0.0152198
0.0164673
0.015733
0.0167647
0.0146652
0.0163677
0.0151226
0.0151457
0.0142925
0.0164239
0.015162
0.0162418
0.0168025
0.0165478
0.0164944
0.0161433
0.0159056
0.0155484
0.015874
0.0155072
0.0157364
0.0160155
0.0140884
0.0162678
0.0157991
0.014417
0.0144318
0.0145877
0.0163322
0.0165328
0.0162059
0.0145521
0.0160001
0.014939
0.0143167
0.0166653
0.0143067
0.0154393
0.014811
0.0145992
0.0148632
0.0159729
0.016841
0.0146658
0.0155207
0.0163354
0.016809
0.0144264
0.0148838
0.015683
0.0159336
0.0166202
0.0146985
0.016022
0.0158881
0.0164977
0.016439
0.0163199
0.0140854
0.0157712
0.0158527
0.0162913
0.0163233
0.0148529
0.0142303
0.01664
0.0145182
0.014537
0.0150794
0.0153291
0.0151361
0.0159426
0.0143021
0.0149771
0.0166083
0.0158228
0.0143125
0.0164174
0.0162492
0.0151963
0.0151004
0.0151827
0.0148166
0.0157989
0.0142047
0.0167046
0.0152966
0.0166437
0.0160245
0.015382
0.0184149
0.0178773
0.0176732
0.0177382
0.0187302
0.0179035
0.0173782
0.0192483
0.0184405
0.0184576
0.0175775
0.0195766
0.0174002
0.0178795
0.0175537
0.0170085
0.0197023
0.0178663
0.0194259
0.0189515
0.0190626
0.0175262
0.0171342
0.0198791
0.0193252
0.0173389
0.0195838
0.0176218
0.0199826
0.0186083
0.0190037
0.0183975
0.0194856
0.019677
0.0191357
0.0182158
0.0175805
0.019514
0.0174641
0.0190209
0.0179716
0.0180416
