0.010142	0.008544	0.008272
0.014965	0.032241	0.010908
0.018077	0.063161	0.014295
0.015120	0.162924	0.010911
0.015629	0.192619	0.009842
0.013175	0.268055	0.009797
0.016003	0.295280	0.011084
0.009018	0.318545	0.006240
0.015372	0.359810	0.010079
0.016208	0.389509	0.011622
0.012981	0.439357	0.011489
0.009933	0.480494	0.006830
0.010973	0.498802	0.007116
0.009750	0.517711	0.007882
0.002874	0.526672	0.001077
0.009921	0.552878	0.008346
0.012868	0.602912	0.010296
0.006164	0.620966	0.004824
0.012833	0.679735	0.008215
0.011742	0.702407	0.009564
0.010620	0.743038	0.006292
0.010093	0.789959	0.009348
0.010406	0.808552	0.005110
0.015757	0.831528	0.012635
0.012188	0.885645	0.009721
0.008955	0.917533	0.004924
0.014372	0.941832	0.010330
0.014796	0.013295	0.031049
0.011393	0.065055	0.040301
0.010368	0.085069	0.032273
0.014489	0.093357	0.010549
0.011572	0.179005	0.030108
0.013268	0.220506	0.010387
0.012210	0.257653	0.029260
0.010771	0.298453	0.033594
0.009588	0.335768	0.008937
0.016410	0.372521	0.036227
0.008072	0.395005	0.034305
0.012127	0.416428	0.008223
0.010384	0.461750	0.007587
0.002510	0.450842	0.002413
0.008804	0.509264	0.021003
0.009043	0.526026	0.024631
0.010336	0.535514	0.008826
0.007473	0.585887	0.006283
0.010247	0.620577	0.020025
0.014364	0.640590	0.010144
0.010734	0.689142	0.025851
0.011749	0.723464	0.010427
0.015916	0.766195	0.012515
0.011629	0.783552	0.029971
0.012619	0.806395	0.023722
0.015236	0.859940	0.011113
0.008282	0.903898	0.011748
0.003000	0.926226	0.010348
0.014513	0.988229	0.011081
0.015205	0.012524	0.058148
0.013562	0.040788	0.035625
0.015128	0.121958	0.010186
0.005298	0.143413	0.005005
0.009102	0.141652	0.019035
0.017146	0.205576	0.036027
0.010848	0.244503	0.010009
0.009690	0.278809	0.029720
0.008326	0.286639	0.045679
0.012860	0.319166	0.025842
0.009196	0.409535	0.041362
0.009595	0.408357	0.025419
0.009141	0.425065	0.026595
0.011038	0.474465	0.023676
0.008292	0.492979	0.023452
0.014697	0.538218	0.043967
0.008337	0.543432	0.023502
0.010643	0.570798	0.008834
0.016332	0.636858	0.037060
0.008759	0.660713	0.007035
0.015426	0.712260	0.033810
0.015560	0.741844	0.029365
0.008923	0.764178	0.036302
0.014554	0.801188	0.045908
0.011524	0.848080	0.032864
0.010980	0.897129	0.029087
0.013240	0.955644	0.030839
0.011119	0.965064	0.009430
0.005882	0.995706	0.028631
0.010393	0.008450	0.083218
0.013254	0.040066	0.060440
0.010585	0.080845	0.051335
0.016002	0.154320	0.038343
0.008456	0.175845	0.047162
0.015526	0.191984	0.061743
0.014742	0.233677	0.032295
0.010025	0.248755	0.048493
0.011525	0.327990	0.046491
0.013366	0.343677	0.029680
0.007155	0.392162	0.048116
0.012364	0.441622	0.037182
0.009606	0.455694	0.024044
0.008600	0.485564	0.036792
0.015922	0.508171	0.041617
0.010764	0.561119	0.026118
0.012179	0.583872	0.026211
0.011274	0.605826	0.032677
0.013966	0.664675	0.028302
0.013463	0.684981	0.045918
0.008508	0.730867	0.047438
0.013163	0.749612	0.055290
0.015663	0.776588	0.055768
0.012437	0.825835	0.037732
0.011539	0.875509	0.029362
0.014413	0.920743	0.025863
0.006861	0.983911	0.030122
0.006336	0.972998	0.024430
0.011665	0.063171	0.082555
0.010032	0.025880	0.075905
0.006149	0.053295	0.049770
0.010012	0.107475	0.027283
0.012384	0.127937	0.035403
0.014096	0.164213	0.064291
0.019383	0.225601	0.064834
0.011626	0.269136	0.048147
0.013293	0.305848	0.053161
0.015452	0.352162	0.055098
0.015087	0.407803	0.062360
0.006695	0.423960	0.041491
0.010498	0.464031	0.040338
0.016121	0.481250	0.058080
0.005728	0.521981	0.055829
0.016807	0.567951	0.050183
0.009516	0.592130	0.045637
0.015736	0.614177	0.056536
0.017956	0.659763	0.058241
0.009857	0.702805	0.055774
0.008805	0.719120	0.056207
0.010257	0.760751	0.073826
0.014984	0.843038	0.057527
0.009757	0.863618	0.045057
0.013463	0.885953	0.049348
0.015315	0.912025	0.050588
0.009801	0.974091	0.041378
0.009996	0.992697	0.043102
0.010679	0.043935	0.082302
0.010382	0.063525	0.061722
0.015261	0.104999	0.048540
0.006052	0.125032	0.052740
0.011452	0.140235	0.059375
0.011539	0.201906	0.083499
0.012314	0.219381	0.095162
0.012555	0.256875	0.066973
0.011992	0.284543	0.064836
0.017208	0.325952	0.073029
0.013408	0.379795	0.063507
0.003420	0.425679	0.066022
0.009601	0.430855	0.054926
0.011392	0.452522	0.056369
0.012511	0.507519	0.066875
0.015040	0.533141	0.071178
0.005025	0.576134	0.070143
0.011426	0.590859	0.065360
0.006927	0.635809	0.058038
0.013924	0.663184	0.087192
0.015219	0.687536	0.073558
0.006620	0.732076	0.061673
0.011717	0.781460	0.081081
0.011189	0.799967	0.069358
0.011395	0.819038	0.058451
0.014921	0.868193	0.067542
0.015588	0.895608	0.075621
0.011572	0.936753	0.043993
0.012508	0.982904	0.060704
0.012858	0.027226	0.095837
0.019098	0.090892	0.076236
0.012928	0.120633	0.070549
0.019646	0.146063	0.088972
0.013147	0.178628	0.085394
0.006198	0.244218	0.080216
0.013180	0.292078	0.088395
0.007864	0.302254	0.072365
0.015098	0.350645	0.092904
0.007738	0.348795	0.074039
0.007209	0.393216	0.077439
0.009786	0.424437	0.078416
0.008926	0.439446	0.069803
0.015599	0.460914	0.079800
0.012783	0.514590	0.089310
0.015001	0.558835	0.078162
0.012132	0.608214	0.082414
0.016561	0.635208	0.079250
0.012386	0.707267	0.091154
0.010138	0.712212	0.071693
0.017380	0.735519	0.083669
0.015842	0.824292	0.081011
0.010309	0.849103	0.081434
0.017455	0.871560	0.096544
0.007099	0.916069	0.069893
0.012850	0.934415	0.067027
0.014029	0.957644	0.056449
0.015154	0.051171	0.106229
0.012457	0.075711	0.101164
0.007043	0.086874	0.116136
0.012697	0.115706	0.094318
0.011819	0.170240	0.105836
0.016209	0.196426	0.109099
0.009319	0.272661	0.080362
0.006856	0.303174	0.102808
0.007964	0.312239	0.092513
0.009558	0.328613	0.097247
0.008195	0.363685	0.075045
0.014947	0.378456	0.091761
0.010450	0.406988	0.086243
0.008533	0.439965	0.086103
0.015692	0.489483	0.086004
0.017819	0.539521	0.102047
0.014925	0.583547	0.088533
0.012303	0.625505	0.103175
0.011301	0.646155	0.103616
0.014463	0.685178	0.101815
0.011466	0.721033	0.107064
0.013873	0.762025	0.095252
0.010323	0.801421	0.088921
0.016099	0.840508	0.105166
0.011469	0.919794	0.085545
0.010823	0.939560	0.089277
0.007908	0.952138	0.076518
0.008495	0.967994	0.074788
0.011514	0.007570	0.104772
0.013103	0.086954	0.134809
0.010393	0.096273	0.102780
0.007677	0.128025	0.108755
0.011064	0.153781	0.118652
0.014819	0.201694	0.138882
0.008768	0.257015	0.085841
0.015727	0.269777	0.104213
0.011496	0.316917	0.111191
0.014038	0.340109	0.116952
0.011566	0.363486	0.113523
0.013854	0.425681	0.100341
0.010955	0.449106	0.102530
0.012564	0.471339	0.104025
0.009674	0.514521	0.109685
0.011139	0.578885	0.113412
0.009377	0.564446	0.101344
0.015182	0.602548	0.108164
0.010328	0.664453	0.110070
0.012315	0.676594	0.127032
0.008236	0.723634	0.125064
0.014625	0.743668	0.114572
0.007719	0.765728	0.114381
0.010138	0.814610	0.103537
0.013662	0.861698	0.122825
0.018559	0.903200	0.107434
0.014145	0.961527	0.095472
0.015361	0.988024	0.085282
0.016124	0.026355	0.122330
0.010286	0.070481	0.121250
0.016118	0.109823	0.122250
0.005959	0.139934	0.111782
0.014396	0.175602	0.129164
0.014838	0.223825	0.121328
0.014038	0.241713	0.099489
0.009862	0.291006	0.111330
0.010620	0.302865	0.124905
0.006234	0.356631	0.129647
0.009192	0.381440	0.115457
0.014051	0.400391	0.107477
0.006653	0.443313	0.118157
0.008966	0.458562	0.119433
0.009221	0.492366	0.108825
0.013423	0.503298	0.126801
0.019643	0.557478	0.132406
0.008430	0.611274	0.141526
0.012016	0.623057	0.125574
0.011499	0.666573	0.147715
0.014443	0.701736	0.121961
0.013855	0.763065	0.133373
0.015641	0.786755	0.107017
0.009252	0.806680	0.119681
0.008772	0.822796	0.119903
0.009126	0.882595	0.123364
0.006623	0.927456	0.100989
0.010934	0.940087	0.126780
0.010299	0.980814	0.107277
0.005827	0.005115	0.121891
0.015154	0.052050	0.135932
0.011723	0.100950	0.153739
0.011346	0.134109	0.126324
0.016163	0.150970	0.144864
0.015797	0.227192	0.152541
0.014030	0.251190	0.123468
0.017859	0.278930	0.135996
0.007390	0.344704	0.135452
0.002059	0.520547	0.179359
0.010186	0.372692	0.131806
0.008816	0.392341	0.128520
0.019855	0.420909	0.130599
0.013194	0.479056	0.126076
0.011866	0.527012	0.126942
0.008238	0.513036	0.143884
0.006211	0.590526	0.124838
0.008004	0.603684	0.129065
0.015000	0.649696	0.128314
0.013312	0.690994	0.146877
0.011118	0.714428	0.141246
0.011108	0.735867	0.138257
0.015100	0.790587	0.134886
0.010576	0.815554	0.137002
0.013729	0.838545	0.133887
0.007831	0.927772	0.114316
0.008931	0.942965	0.108023
0.016077	0.964538	0.124330
0.006436	0.995542	0.105427
0.018330	0.015195	0.150979
0.015916	0.073616	0.156402
0.012348	0.123118	0.146091
0.016134	0.178479	0.156992
0.012569	0.204406	0.165930
0.005852	0.237921	0.135819
0.012902	0.268010	0.164113
0.010589	0.314569	0.152112
0.012213	0.322226	0.132908
0.012431	0.357780	0.148241
0.014897	0.382416	0.153129
0.008076	0.399258	0.142698
0.010411	0.448531	0.133973
0.011807	0.493424	0.147921
0.012287	0.531730	0.148955
0.005937	0.548105	0.155556
0.014627	0.588521	0.144315
0.011530	0.609000	0.159704
0.015128	0.632324	0.149649
0.005615	0.706700	0.155445
0.015447	0.751304	0.157365
0.011993	0.775097	0.155178
0.006086	0.791551	0.153800
0.010369	0.806213	0.154288
0.013142	0.893468	0.141480
0.013673	0.917711	0.132618
0.010849	0.958624	0.147712
0.011602	0.990913	0.124788
0.014934	0.011534	0.181777
0.015584	0.044129	0.163839
0.015131	0.119833	0.171896
0.006414	0.135779	0.159568
0.019612	0.152027	0.179388
0.008001	0.247361	0.165147
0.011959	0.252479	0.146991
0.006594	0.297888	0.152137
0.007034	0.302896	0.140678
0.005868	0.330180	0.186733
0.007589	0.315196	0.184568
0.007487	0.346310	0.164224
0.014513	0.409704	0.161692
0.016207	0.467156	0.149592
0.014682	0.511364	0.165367
0.016125	0.538287	0.174727
0.016204	0.567299	0.165323
0.008810	0.591295	0.166337
0.011788	0.652435	0.165198
0.016154	0.677933	0.172190
0.014120	0.724456	0.161840
0.014161	0.769700	0.180327
0.010569	0.790769	0.168411
0.010132	0.859918	0.178355
0.018875	0.864204	0.151961
0.012328	0.936576	0.148202
0.015081	0.984189	0.149148
0.009613	0.009388	0.205930
0.013854	0.065348	0.182583
0.009766	0.096970	0.174195
0.009636	0.127383	0.194650
0.015319	0.144571	0.212146
0.014987	0.185107	0.184214
0.011831	0.233378	0.177888
0.011342	0.254395	0.182700
0.007895	0.286937	0.159570
0.011987	0.303252	0.169612
0.011171	0.335606	0.149792
0.013701	0.389460	0.178765
0.016131	0.439325	0.158283
0.008338	0.459068	0.172276
0.015509	0.483535	0.172822
0.018129	0.559487	0.198407
0.012825	0.585681	0.185629
0.008744	0.603832	0.178149
0.011132	0.655402	0.187416
0.010156	0.702897	0.170033
0.014118	0.742655	0.181781
0.014963	0.777293	0.208065
0.017064	0.831046	0.161914
0.015843	0.891029	0.169918
0.012362	0.913534	0.156075
0.011458	0.964869	0.167046
0.015730	0.986981	0.178789
0.006052	0.022179	0.214564
0.019572	0.038629	0.196634
0.006458	0.082630	0.175261
0.011199	0.106290	0.192756
0.009538	0.132243	0.232987
0.012458	0.169839	0.205066
0.015123	0.212838	0.191429
0.009429	0.273733	0.184828
0.007543	0.285322	0.174148
0.014217	0.322546	0.204046
0.012906	0.327216	0.169870
0.013148	0.364370	0.172362
0.007478	0.425292	0.174765
0.014654	0.441748	0.187201
0.010080	0.465146	0.189162
0.011185	0.503596	0.188277
0.006875	0.537285	0.207188
0.011552	0.606051	0.197949
0.017484	0.628303	0.179958
0.009637	0.673708	0.196293
0.019417	0.700946	0.198634
0.007966	0.721287	0.182415
0.013054	0.794785	0.188909
0.008864	0.808365	0.172284
0.012115	0.842270	0.186997
0.008063	0.874364	0.185277
0.007377	0.929473	0.165109
0.005971	0.949112	0.160563
0.005787	0.962088	0.183519
0.014658	0.037775	0.227954
0.009989	0.072775	0.203566
0.009811	0.086570	0.190167
0.015321	0.115686	0.216049
0.018829	0.181629	0.232424
0.011670	0.193455	0.207286
0.016196	0.239899	0.204794
0.015839	0.295413	0.194790
0.005789	0.338971	0.192892
0.008734	0.344643	0.180131
0.006893	0.356185	0.189115
0.013910	0.413519	0.190162
0.013861	0.440554	0.213535
0.012057	0.483848	0.198561
0.011789	0.523523	0.196285
0.015043	0.544424	0.227059
0.010146	0.585831	0.206404
0.013519	0.639046	0.205875
0.009461	0.660365	0.206990
0.015857	0.729441	0.222778
0.010387	0.728788	0.198720
0.014463	0.805800	0.212247
0.013082	0.819343	0.189342
0.015603	0.890112	0.200308
0.013973	0.916933	0.181254
0.002711	0.940677	0.162184
0.010504	0.969839	0.197028
0.012145	0.011242	0.227525
0.009871	0.058663	0.216385
0.009204	0.076212	0.221264
0.010240	0.091899	0.208406
0.011573	0.152315	0.236739
0.010374	0.164262	0.253915
0.014236	0.214722	0.220084
0.008887	0.281291	0.227188
0.009698	0.264778	0.200267
0.009865	0.312319	0.224349
0.016171	0.351023	0.209877
0.011065	0.372531	0.194910
0.009959	0.392401	0.200459
0.006191	0.456067	0.201810
0.014652	0.468510	0.217819
0.014264	0.504010	0.212424
0.014609	0.573238	0.226481
0.015226	0.601551	0.223806
0.007445	0.619444	0.210838
0.016393	0.678460	0.224266
0.011350	0.704552	0.228528
0.013290	0.751056	0.205390
0.014704	0.818708	0.236754
0.015521	0.834912	0.211896
0.013300	0.861504	0.201674
0.009811	0.932522	0.198799
0.013836	0.943587	0.178534
0.012682	0.990147	0.206072
0.011942	0.027585	0.249574
0.010126	0.060684	0.235451
0.009083	0.078363	0.238510
0.011403	0.094244	0.228918
0.014698	0.112069	0.245599
0.017440	0.240532	0.237805
0.012399	0.262345	0.221052
0.008372	0.295509	0.218103
0.008663	0.279282	0.210676
0.010685	0.332013	0.226047
0.014946	0.378326	0.219673
0.018963	0.410514	0.221177
0.011439	0.431951	0.240426
0.010442	0.467282	0.242056
0.007904	0.525468	0.215120
0.013679	0.517966	0.234466
0.012595	0.588803	0.248107
0.015023	0.628922	0.231111
0.011826	0.652791	0.225653
0.014095	0.692336	0.249771
0.012599	0.759899	0.228456
0.017032	0.788064	0.236821
0.010738	0.855954	0.226160
0.010341	0.874867	0.219734
0.011722	0.904884	0.221980
0.008377	0.943072	0.213070
0.009608	0.951189	0.198047
0.011265	0.971806	0.217771
0.009411	0.007698	0.247871
0.008691	0.048085	0.248314
0.015066	0.069305	0.258960
0.008064	0.090321	0.249954
0.011692	0.136205	0.252857
0.015968	0.211134	0.248735
0.010395	0.237985	0.264368
0.013104	0.269667	0.245126
0.011954	0.297181	0.237836
0.019492	0.355400	0.244029
0.015011	0.389082	0.246295
0.009850	0.412962	0.248694
0.007041	0.435740	0.257355
0.010041	0.450616	0.232890
0.014913	0.490487	0.236984
0.017566	0.560306	0.253889
0.009999	0.610404	0.246145
0.012062	0.628815	0.256779
0.014880	0.654106	0.250750
0.012343	0.718003	0.247579
0.012499	0.742690	0.245665
0.006386	0.781542	0.259060
0.009878	0.805206	0.256325
0.007494	0.839920	0.232723
0.012536	0.920380	0.238497
0.010238	0.926327	0.217807
0.010295	0.914046	0.203365
0.005992	0.956473	0.223527
0.015200	0.013402	0.271081
0.015265	0.042339	0.270537
0.010248	0.095251	0.267198
0.008292	0.141753	0.271001
0.006377	0.151112	0.261388
0.015248	0.186307	0.264484
0.004582	0.223764	0.264154
0.018825	0.263972	0.275965
0.013424	0.290930	0.260251
0.014959	0.321359	0.247318
0.010620	0.378994	0.268290
0.006094	0.403319	0.261231
0.013572	0.420890	0.269232
0.009467	0.449709	0.250990
0.011507	0.486597	0.262722
0.011428	0.507691	0.256161
0.009375	0.581871	0.268864
0.015331	0.605645	0.269696
0.012200	0.663563	0.275124
0.007182	0.673811	0.258953
0.013927	0.708450	0.271787
0.008335	0.751571	0.263642
0.011663	0.765444	0.251087
0.005741	0.809422	0.270657
0.006067	0.820638	0.257901
0.006132	0.888560	0.226325
0.009347	0.871296	0.238146
0.011857	0.942370	0.232419
0.006666	0.956992	0.211496
0.012992	0.989651	0.231960
0.012188	0.028717	0.293644
0.011566	0.051686	0.294079
0.012475	0.079834	0.283704
0.014737	0.119364	0.273063
0.013239	0.162590	0.276809
0.015636	0.211451	0.279457
0.010828	0.236596	0.284792
0.013816	0.294482	0.285880
0.011479	0.312890	0.270751
0.013681	0.337207	0.270406
0.006560	0.371146	0.283421
0.010986	0.398282	0.277265
0.010687	0.446494	0.270554
0.010762	0.465478	0.261485
0.004819	0.486472	0.278748
0.012455	0.531588	0.254738
0.010906	0.565721	0.280306
0.014521	0.586662	0.292191
0.015490	0.637535	0.281253
0.010916	0.685185	0.272527
0.011988	0.732139	0.266300
0.013076	0.769674	0.274296
0.011037	0.792755	0.272195
0.015609	0.841551	0.254026
0.015387	0.894177	0.246267
0.014361	0.945549	0.257443
0.013768	0.986674	0.258332
0.009888	0.007870	0.293898
0.012744	0.066134	0.311349
0.007337	0.061918	0.279331
0.009020	0.100094	0.285712
0.015539	0.141311	0.293077
0.014587	0.184935	0.292987
0.014541	0.223185	0.305386
0.013212	0.249747	0.304320
0.010919	0.301955	0.308037
0.015701	0.323645	0.294951
0.010127	0.359725	0.272297
0.005860	0.383359	0.283395
0.006249	0.412618	0.286079
0.019501	0.435081	0.297666
0.009477	0.500420	0.278004
0.010664	0.519557	0.273259
0.013444	0.542390	0.277723
0.013679	0.613770	0.295762
0.011855	0.679316	0.293250
0.013751	0.703709	0.298496
0.011763	0.726841	0.288835
0.011012	0.747795	0.281362
0.011207	0.808341	0.287014
0.011440	0.825881	0.274504
0.015054	0.868778	0.261343
0.015293	0.918396	0.263761
0.013783	0.965952	0.240538
0.013134	0.040781	0.315364
0.011551	0.056506	0.332694
0.013531	0.090648	0.306415
0.013359	0.115620	0.300706
0.007496	0.163728	0.297238
0.011323	0.175129	0.316213
0.004264	0.203217	0.297556
0.014556	0.259413	0.330180
0.015255	0.276680	0.307170
0.012751	0.340704	0.316217
0.013318	0.353198	0.294037
0.012011	0.403818	0.300863
0.012557	0.416147	0.321758
0.015793	0.467595	0.285891
0.010817	0.514069	0.292577
0.004289	0.527138	0.285862
0.012630	0.557942	0.301295
0.010808	0.620536	0.318505
0.015565	0.683813	0.319495
0.013165	0.711231	0.324071
0.007902	0.722997	0.307524
0.017453	0.783855	0.299974
0.011283	0.828139	0.296809
0.013151	0.849199	0.280869
0.015533	0.892556	0.276678
0.015970	0.962411	0.281189
0.006789	0.966489	0.259965
0.011173	0.989213	0.282964
0.014829	0.014027	0.316235
0.009212	0.027436	0.335715
0.014712	0.109011	0.327027
0.013165	0.134641	0.319603
0.009467	0.155665	0.311695
0.013064	0.198823	0.315918
0.010418	0.217949	0.328481
0.008472	0.292598	0.323929
0.015599	0.315880	0.329104
0.016854	0.367165	0.327548
0.013422	0.378896	0.301125
0.009021	0.432110	0.335897
0.012252	0.462201	0.312297
0.003719	0.490211	0.286246
0.010127	0.533093	0.298728
0.007603	0.537345	0.314710
0.003207	0.544843	0.293627
0.011219	0.599160	0.314188
0.006187	0.642556	0.302024
0.010869	0.657952	0.296598
0.005672	0.703119	0.340412
0.010973	0.732724	0.332963
0.019190	0.749376	0.309375
0.009629	0.809949	0.306816
0.014429	0.851031	0.307206
0.003848	0.865983	0.279724
0.012187	0.872693	0.293947
0.010001	0.936998	0.279736
0.011632	0.937641	0.300591
0.004185	0.978199	0.293496
0.009744	0.008845	0.339136
0.010509	0.042125	0.348322
0.014238	0.081587	0.332482
0.012581	0.132669	0.344850
0.014962	0.157281	0.334843
0.015574	0.185668	0.340518
0.008551	0.238000	0.322364
0.013979	0.235489	0.344305
0.013541	0.341588	0.341671
0.010649	0.361590	0.353818
0.011166	0.393224	0.320817
0.009094	0.402732	0.338342
0.009219	0.445110	0.324096
0.018149	0.491668	0.307887
0.009263	0.518762	0.311740
0.013402	0.554136	0.326014
0.014884	0.604513	0.338499
0.006464	0.630744	0.304659
0.010690	0.658589	0.316989
0.010897	0.717946	0.347514
0.007261	0.750103	0.335530
0.014483	0.770891	0.333380
0.015206	0.798412	0.327996
0.015135	0.827846	0.323162
0.012359	0.895156	0.303671
0.013438	0.916416	0.290642
0.008278	0.969543	0.302364
0.013773	0.988561	0.308014
0.013823	0.020534	0.358252
0.012064	0.063777	0.354012
0.013516	0.109373	0.353929
0.013523	0.152407	0.361707
0.016085	0.179984	0.371279
0.005282	0.196467	0.357842
0.011783	0.210567	0.348330
0.019311	0.286416	0.349800
0.017097	0.319676	0.360727
0.013725	0.385081	0.351711
0.009172	0.418810	0.354374
0.006424	0.417688	0.339819
0.014163	0.474275	0.334407
0.012525	0.500059	0.336059
0.008951	0.548826	0.346760
0.012256	0.576953	0.316707
0.007184	0.625969	0.334889
0.008585	0.639575	0.316086
0.010033	0.668794	0.339659
0.006480	0.691212	0.339881
0.011454	0.743052	0.352371
0.010005	0.763917	0.356231
0.007664	0.800783	0.351658
0.012079	0.835027	0.349189
0.013002	0.853817	0.333740
0.013487	0.875514	0.319059
0.012346	0.919205	0.315053
0.008592	0.954841	0.306710
0.011376	0.967272	0.321150
0.010503	0.009815	0.379185
0.016055	0.045132	0.374251
0.011321	0.086231	0.356773
0.014820	0.101464	0.380267
0.014243	0.203219	0.393964
0.011093	0.206646	0.370135
0.008551	0.223869	0.362695
0.011592	0.257201	0.355998
0.018476	0.296985	0.386379
0.011340	0.346187	0.368461
0.009766	0.403767	0.364853
0.007229	0.434479	0.351585
0.011355	0.450875	0.343533
0.009318	0.467385	0.355732
0.015761	0.527263	0.334948
0.015550	0.575673	0.344237
0.010644	0.601864	0.363766
0.013505	0.646102	0.336346
0.003313	0.681811	0.338186
0.012313	0.697823	0.357095
0.012020	0.726487	0.368364
0.009883	0.783698	0.353335
0.009528	0.815427	0.343515
0.009852	0.853350	0.359215
0.019979	0.881156	0.351099
0.011600	0.899345	0.326683
0.013927	0.942805	0.325268
0.014147	0.986931	0.335401
0.010779	0.060624	0.395965
0.004874	0.024634	0.376449
0.013398	0.073916	0.376874
0.009452	0.132417	0.388851
0.011790	0.128720	0.368738
0.011721	0.178425	0.398834
0.016140	0.241534	0.378166
0.007447	0.263925	0.373486
0.006337	0.276907	0.373081
0.014928	0.361143	0.389315
0.010963	0.386832	0.376129
0.007511	0.370216	0.369134
0.009701	0.421340	0.372405
0.017286	0.447467	0.371830
0.011336	0.487653	0.355877
0.012131	0.511059	0.357140
0.012134	0.534333	0.361321
0.015853	0.627267	0.357328
0.014883	0.657367	0.361610
0.007704	0.678426	0.354208
0.012400	0.681098	0.374093
0.013559	0.751104	0.375674
0.008075	0.795739	0.366453
0.012184	0.816292	0.363984
0.010439	0.837428	0.371427
0.013558	0.912356	0.361224
0.011244	0.919185	0.337929
0.012002	0.962180	0.343381
0.012471	0.987829	0.361019
0.015512	0.035988	0.403645
0.011669	0.083341	0.399550
0.010429	0.104741	0.404777
0.006707	0.117661	0.394132
0.014194	0.155391	0.388462
0.008848	0.167872	0.416017
0.009875	0.226290	0.398486
0.013598	0.266279	0.394284
0.011559	0.313248	0.411283
0.015869	0.330881	0.390756
0.010238	0.406258	0.384406
0.007248	0.411725	0.403455
0.011942	0.466069	0.393895
0.010401	0.474985	0.373454
0.009145	0.498119	0.372924
0.005910	0.520480	0.372244
0.012820	0.558333	0.365706
0.010986	0.581481	0.370018
0.012176	0.639280	0.381377
0.011961	0.661659	0.387764
0.012669	0.705084	0.380461
0.007010	0.723473	0.386646
0.012379	0.776826	0.374073
0.013798	0.795244	0.392103
0.013435	0.840794	0.394795
0.014355	0.864008	0.380299
0.011706	0.933731	0.373385
0.012525	0.939026	0.350632
0.013599	0.986908	0.386325
0.010918	0.010341	0.399924
0.011712	0.091069	0.421231
0.015976	0.110906	0.439648
0.007805	0.152734	0.409799
0.011117	0.152376	0.428441
0.011428	0.192768	0.416766
0.009790	0.244854	0.403284
0.015492	0.287271	0.418105
0.015350	0.338413	0.420472
0.011188	0.364029	0.415055
0.016276	0.388370	0.402866
0.010939	0.425749	0.392239
0.011669	0.488543	0.390327
0.012970	0.512924	0.389041
0.015477	0.540923	0.387518
0.011298	0.567429	0.387203
0.010866	0.616332	0.380709
0.013012	0.657403	0.411866
0.016957	0.685730	0.402742
0.013168	0.738933	0.398942
0.015715	0.767202	0.400142
0.005428	0.804745	0.376271
0.010578	0.818726	0.385865
0.012925	0.890073	0.411515
0.015714	0.893549	0.383520
0.016262	0.961250	0.371242
0.010298	0.966152	0.397187
0.018058	0.062161	0.424130
0.012818	0.064041	0.454619
0.016160	0.129428	0.413730
0.015944	0.177302	0.438573
0.011371	0.215354	0.416157
0.009991	0.236168	0.420882
0.012783	0.259341	0.419631
0.015930	0.313148	0.438451
0.013998	0.408872	0.424404
0.013009	0.434431	0.417827
0.009913	0.445238	0.398353
0.005795	0.500185	0.402381
0.012217	0.513019	0.414012
0.013256	0.537828	0.415529
0.009734	0.558295	0.405594
0.016646	0.593523	0.394803
0.018742	0.626076	0.408278
0.009385	0.663021	0.433281
0.012238	0.714361	0.403243
0.009331	0.749996	0.418326
0.009842	0.788322	0.414217
0.015998	0.817061	0.411842
0.012316	0.865662	0.406430
0.011544	0.909096	0.426695
0.007686	0.916653	0.381865
0.014696	0.941814	0.397476
0.015994	0.984573	0.415418
0.015709	0.014792	0.425666
0.007384	0.037343	0.426430
0.010995	0.084311	0.442578
0.008621	0.135147	0.437568
0.014896	0.151285	0.454359
0.011796	0.222425	0.437692
0.013957	0.247355	0.443252
0.006292	0.272053	0.433310
0.006054	0.291566	0.438805
0.013377	0.357505	0.441652
0.013790	0.382415	0.431644
0.010582	0.457522	0.414490
0.016880	0.484368	0.418145
0.012958	0.501461	0.448633
0.012262	0.523063	0.435959
0.016176	0.577141	0.423113
0.008908	0.601276	0.418881
0.008852	0.625945	0.435521
0.010039	0.643969	0.430320
0.009392	0.681134	0.428468
0.011670	0.729306	0.421523
0.014197	0.770350	0.429799
0.010502	0.799313	0.430913
0.013638	0.844819	0.421282
0.006659	0.891433	0.430793
0.013481	0.914734	0.402710
0.008880	0.930682	0.418092
0.013195	0.956261	0.420632
0.011284	0.988981	0.441971
0.016038	0.015633	0.456673
0.011934	0.041092	0.445289
0.013488	0.117619	0.467996
0.006869	0.129891	0.452003
0.011640	0.185518	0.464463
0.006979	0.204516	0.430851
0.015499	0.224066	0.464637
0.018098	0.276277	0.456866
0.007988	0.336384	0.443575
0.014685	0.358269	0.469592
0.012745	0.428185	0.442573
0.010270	0.450944	0.434064
0.014527	0.474118	0.447342
0.006168	0.504115	0.429873
0.015488	0.550536	0.441124
0.005851	0.555730	0.420725
0.015168	0.603124	0.442542
0.014083	0.650366	0.453214
0.013487	0.702886	0.454118
0.013906	0.704374	0.427064
0.015176	0.761739	0.457706
0.012087	0.787536	0.449758
0.006275	0.805479	0.446263
0.010486	0.873397	0.427788
0.012886	0.887507	0.449696
0.011276	0.938047	0.436625
0.012956	0.965134	0.444928
0.015752	0.042464	0.472922
0.011405	0.068952	0.478214
0.013611	0.090722	0.466075
0.011860	0.140323	0.478635
0.013379	0.165307	0.478687
0.011333	0.202376	0.448955
0.010894	0.249938	0.467903
0.015451	0.328623	0.465543
0.010208	0.372035	0.490259
0.010042	0.377269	0.454365
0.015049	0.402200	0.452431
0.006612	0.453504	0.450564
0.014904	0.488256	0.473014
0.010993	0.530063	0.457761
0.016095	0.552590	0.472510
0.008259	0.573431	0.447118
0.010089	0.626272	0.454185
0.013619	0.646405	0.480484
0.012938	0.677058	0.450295
0.016209	0.731888	0.448899
0.011054	0.783388	0.472404
0.016128	0.811445	0.467642
0.014175	0.825028	0.440660
0.009537	0.873405	0.473610
0.016252	0.916278	0.453200
0.012651	0.944301	0.459574
0.012616	0.966992	0.470372
0.014395	0.014307	0.486765
0.006951	0.048439	0.494707
0.012560	0.065500	0.503868
0.008320	0.103229	0.484055
0.012197	0.121425	0.493363
0.013232	0.211526	0.490758
0.007514	0.202619	0.472251
0.014096	0.293097	0.484021
0.009928	0.303579	0.462393
0.011632	0.420743	0.497680
0.011496	0.386072	0.473770
0.009222	0.423419	0.463944
0.009200	0.441187	0.459982
0.013163	0.460336	0.471233
0.016002	0.517846	0.481576
0.017093	0.585478	0.469291
0.013722	0.615623	0.475288
0.004766	0.635984	0.465370
0.008299	0.666509	0.468673
0.010935	0.686478	0.472145
0.015923	0.717075	0.479630
0.009948	0.741976	0.472998
0.010299	0.796380	0.489282
0.009718	0.836820	0.472227
0.018804	0.856080	0.451314
0.013093	0.895960	0.474196
0.012113	0.928607	0.478646
0.009213	0.984629	0.483204
0.010793	0.989344	0.463834
0.010878	0.010833	0.511709
0.007175	0.034416	0.494326
0.005831	0.025426	0.503648
0.011067	0.086085	0.492575
0.009556	0.151431	0.496887
0.015139	0.184637	0.499378
0.014515	0.239063	0.490658
0.013026	0.266104	0.486096
0.011349	0.317671	0.489912
0.012515	0.341396	0.490696
0.008912	0.394075	0.492492
0.011496	0.408532	0.478131
0.012009	0.436993	0.480601
0.003994	0.472455	0.483361
